kinematics:
  shoulder:
    x: 0
    y: 0
    z: 0.1808558451234673
    roll: -0
    pitch: 0
    yaw: -1.714222722928524e-08
  upper_arm:
    x: 7.252367562474485e-05
    y: 0
    z: 0
    roll: 1.571669887073291
    pitch: 0
    yaw: 1.625264288531013e-06
  forearm:
    x: -0.6120771674039404
    y: 0
    z: 0
    roll: 0.0001795165286937066
    pitch: -0.0009206456355963013
    yaw: 2.659889857052363e-07
  wrist_1:
    x: -0.5712262757293881
    y: -0.0006815263058131413
    z: 0.1733789188731475
    roll: 0.003930828500128991
    pitch: 0.000652974315060031
    yaw: -3.556767231256358e-07
  wrist_2:
    x: 7.485181008166476e-05
    y: -0.1197378593995824
    z: 0.0001969587846826996
    roll: 1.569151411744384
    pitch: 0
    yaw: 4.063100963245771e-07
  wrist_3:
    x: -5.394029940339947e-06
    y: 0.1155832964188912
    z: -2.676849114507854e-05
    roll: 1.570564731992742
    pitch: 3.141592653589793
    yaw: 3.141592255607338
  hash: calib_16498071983813803199