kinematics:
  shoulder:
    x: 0
    y: 0
    z: 0.1808298230042422
    roll: -0
    pitch: 0
    yaw: -9.889055837750127e-08
  upper_arm:
    x: 6.649297747582911e-05
    y: 0
    z: 0
    roll: 1.571489652610622
    pitch: 0
    yaw: -4.792586051605252e-06
  forearm:
    x: -0.6120659114619043
    y: 0
    z: 0
    roll: 3.140364458584274
    pitch: -3.141035608248751
    yaw: 3.141590535294973
  wrist_1:
    x: -0.5711553597091418
    y: -0.0006724630738373629
    z: 0.1735829590631835
    roll: 0.00387399611914183
    pitch: 0.0007869760436592311
    yaw: 3.166356616547002e-06
  wrist_2:
    x: -2.532193019326351e-05
    y: -0.1196608047117549
    z: 0.0001719135551396971
    roll: 1.569359653882028
    pitch: 0
    yaw: -1.942278405109299e-06
  wrist_3:
    x: 4.695720118236258e-05
    y: 0.1156408565844924
    z: -3.70645963136842e-05
    roll: 1.570475812089807
    pitch: 3.141592653589793
    yaw: 3.141592128971001
  hash: calib_11397364265883635494