kinematics:
  shoulder:
    x: 0
    y: 0
    z: 0.1808052715725261
    roll: -0
    pitch: 0
    yaw: -3.175968385712991e-07
  upper_arm:
    x: 0.0001537107434516144
    y: 0
    z: 0
    roll: 1.571296501554816
    pitch: 0
    yaw: -5.649065448062474e-06
  forearm:
    x: -0.6120221574536934
    y: 0
    z: 0
    roll: 3.140277415782661
    pitch: -3.140623127620337
    yaw: -3.14159187572037
  wrist_1:
    x: -0.5713066533345623
    y: -0.0007625424212626624
    z: 0.1734788969142402
    roll: 0.004395563516935187
    pitch: 0.0007202886070921937
    yaw: -3.561032316860327e-06
  wrist_2:
    x: 9.848949840239181e-05
    y: -0.1197456535015422
    z: 0.0002005623902185139
    roll: 1.569121425061029
    pitch: 0
    yaw: -5.728707297460168e-07
  wrist_3:
    x: -3.445289188110136e-05
    y: 0.1156592820834631
    z: -6.116793987451977e-05
    roll: 1.570267463628276
    pitch: 3.141592653589793
    yaw: 3.141592565484747
  hash: calib_14497870328659491929